 &SRS
 SRSRUN=13781,SRSDAT=2013520,SRSTIM=5811,
 SRSSTN='ws00',SRSPRJ='i02     ',SRSEXP='commissi',
 SRSTLE='                                                            ',
 SRSCN1='        ',SRSCN2='        ',SRSCN3='        ',
 &END
gonx	i_pin	Time
-1.7000	1.3592	  0.00
-1.6991	1.3590	  0.00
-1.6979	1.3591	  0.00
-1.6969	1.3593	  0.00
-1.6960	1.3596	  0.00
-1.6951	1.3593	  0.00
-1.6940	1.3596	  0.00
-1.6930	1.3596	  0.00
-1.6920	1.3595	  0.00
-1.6910	1.3592	  0.00
-1.6900	1.3589	  0.00
-1.6890	1.3592	  0.00
-1.6880	1.3592	  0.00
-1.6869	1.3592	  0.00
-1.6860	1.3589	  0.00
-1.6851	1.3591	  0.00
-1.6842	1.3589	  0.00
-1.6829	1.3586	  0.00
-1.6820	1.3584	  0.00
-1.6810	1.3586	  0.00
-1.6800	1.3585	  0.00
-1.6790	1.3585	  0.00
-1.6780	1.3585	  0.00
-1.6770	1.3584	  0.00
-1.6760	1.3580	  0.00
-1.6750	1.3578	  0.00
-1.6740	1.3577	  0.00
-1.6730	1.3581	  0.00
-1.6720	1.3581	  0.00
-1.6710	1.3578	  0.00
-1.6700	1.3575	  0.00
-1.6691	1.3577	  0.00
-1.6681	1.3578	  0.00
-1.6671	1.3577	  0.00
-1.6658	1.3577	  0.00
-1.6650	1.3581	  0.00
-1.6641	1.3578	  0.00
-1.6630	1.3573	  0.00
-1.6620	1.3570	  0.00
-1.6610	1.3569	  0.00
-1.6600	1.3567	  0.00
-1.6590	1.3565	  0.00
-1.6581	1.3567	  0.00
-1.6572	1.3567	  0.00
-1.6561	1.3564	  0.00
-1.6550	1.3560	  0.00
-1.6539	1.3558	  0.00
-1.6530	1.3553	  0.00
-1.6519	1.3555	  0.00
-1.6510	1.3555	  0.00
-1.6499	1.3554	  0.00
-1.6489	1.3552	  0.00
-1.6479	1.3555	  0.00
-1.6470	1.3552	  0.00
-1.6463	1.3552	  0.00
-1.6450	1.3545	  0.00
-1.6441	1.3542	  0.00
-1.6430	1.3542	  0.00
-1.6420	1.3542	  0.00
-1.6410	1.3542	  0.00
-1.6400	1.3537	  0.00
-1.6391	1.3529	  0.00
-1.6382	1.3532	  0.00
-1.6370	1.3531	  0.00
-1.6362	1.3530	  0.00
-1.6351	1.3529	  0.00
-1.6340	1.3519	  0.00
-1.6329	1.3522	  0.00
-1.6320	1.3519	  0.00
-1.6310	1.3516	  0.00
-1.6300	1.3513	  0.00
-1.6290	1.3508	  0.00
-1.6279	1.3507	  0.00
-1.6271	1.3504	  0.00
-1.6261	1.3503	  0.00
-1.6251	1.3495	  0.00
-1.6241	1.3490	  0.00
-1.6230	1.3486	  0.00
-1.6220	1.3481	  0.00
-1.6210	1.3475	  0.00
-1.6201	1.3471	  0.00
-1.6190	1.3464	  0.00
-1.6181	1.3453	  0.00
-1.6171	1.3448	  0.00
-1.6160	1.3439	  0.00
-1.6152	1.3433	  0.00
-1.6140	1.3426	  0.00
-1.6130	1.3418	  0.00
-1.6120	1.3410	  0.00
-1.6110	1.3397	  0.00
-1.6100	1.3388	  0.00
-1.6089	1.3381	  0.00
-1.6081	1.3368	  0.00
-1.6071	1.3356	  0.00
-1.6060	1.3340	  0.00
-1.6050	1.3330	  0.00
-1.6039	1.3313	  0.00
-1.6030	1.3296	  0.00
-1.6020	1.3282	  0.00
-1.6010	1.3263	  0.00
-1.5999	1.3248	  0.00
-1.5989	1.3230	  0.00
-1.5979	1.3217	  0.00
-1.5970	1.3193	  0.00
-1.5959	1.3168	  0.00
-1.5950	1.3147	  0.00
-1.5940	1.3124	  0.00
-1.5930	1.3098	  0.00
-1.5920	1.3070	  0.00
-1.5910	1.3045	  0.00
-1.5900	1.3015	  0.00
-1.5890	1.2988	  0.00
-1.5880	1.2959	  0.00
-1.5870	1.2934	  0.00
-1.5861	1.2902	  0.00
-1.5849	1.2862	  0.00
-1.5840	1.2821	  0.00
-1.5830	1.2781	  0.00
-1.5820	1.2744	  0.00
-1.5810	1.2703	  0.00
-1.5800	1.2660	  0.00
-1.5790	1.2622	  0.00
-1.5780	1.2571	  0.00
-1.5771	1.2526	  0.00
-1.5760	1.2467	  0.00
-1.5750	1.2415	  0.00
-1.5739	1.2358	  0.00
-1.5730	1.2299	  0.00
-1.5720	1.2252	  0.00
-1.5710	1.2186	  0.00
-1.5700	1.2128	  0.00
-1.5689	1.2042	  0.00
-1.5680	1.1985	  0.00
-1.5669	1.1925	  0.00
-1.5661	1.1842	  0.00
-1.5650	1.1775	  0.00
-1.5639	1.1691	  0.00
-1.5630	1.1593	  0.00
-1.5620	1.1520	  0.00
-1.5610	1.1424	  0.00
-1.5599	1.1337	  0.00
-1.5590	1.1261	  0.00
-1.5580	1.1176	  0.00
-1.5567	1.1113	  0.00
-1.5557	1.1017	  0.00
-1.5551	1.0924	  0.00
-1.5540	1.0829	  0.00
-1.5530	1.0740	  0.00
-1.5520	1.0645	  0.00
-1.5509	1.0541	  0.00
-1.5500	1.0416	  0.00
-1.5490	1.0049	  0.00
-1.5481	1.0197	  0.00
-1.5470	1.0096	  0.00
-1.5460	0.99886	  0.00
-1.5450	0.98797	  0.00
-1.5440	0.97585	  0.00
-1.5430	0.96273	  0.00
-1.5420	0.94953	  0.00
-1.5410	0.93600	  0.00
-1.5400	0.92239	  0.00
-1.5391	0.91160	  0.00
-1.5380	0.89654	  0.00
-1.5370	0.88440	  0.00
-1.5361	0.86965	  0.00
-1.5350	0.85531	  0.00
-1.5341	0.84014	  0.00
-1.5330	0.82671	  0.00
-1.5320	0.81331	  0.00
-1.5310	0.79864	  0.00
-1.5300	0.78361	  0.00
-1.5290	0.76902	  0.00
-1.5281	0.75135	  0.00
-1.5269	0.73866	  0.00
-1.5261	0.72219	  0.00
-1.5249	0.70721	  0.00
-1.5240	0.69237	  0.00
-1.5230	0.67557	  0.00
-1.5220	0.66042	  0.00
-1.5210	0.64455	  0.00
-1.5199	0.63310	  0.00
-1.5190	0.61715	  0.00
-1.5180	0.60132	  0.00
-1.5169	0.58777	  0.00
-1.5161	0.57193	  0.00
-1.5152	0.55703	  0.00
-1.5139	0.54448	  0.00
-1.5130	0.52868	  0.00
-1.5120	0.51606	  0.00
-1.5110	0.50039	  0.00
-1.5100	0.48598	  0.00
-1.5090	0.47201	  0.00
-1.5079	0.45897	  0.00
-1.5069	0.44718	  0.00
-1.5060	0.43086	  0.00
-1.5050	0.41885	  0.00
-1.5040	0.40431	  0.00
-1.5030	0.39101	  0.00
-1.5020	0.37909	  0.00
-1.5010	0.36802	  0.00
-1.5000	0.35483	  0.00
-1.4989	0.34356	  0.00
-1.4979	0.33235	  0.00
-1.4971	0.31971	  0.00
-1.4960	0.30846	  0.00
-1.4948	0.29760	  0.00
-1.4943	0.28705	  0.00
-1.4931	0.27578	  0.00
-1.4920	0.26542	  0.00
-1.4910	0.25504	  0.00
-1.4900	0.24516	  0.00
-1.4891	0.23639	  0.00
-1.4884	0.22746	  0.00
-1.4872	0.21709	  0.00
-1.4861	0.20855	  0.00
-1.4851	0.19931	  0.00
-1.4840	0.18979	  0.00
-1.4830	0.18205	  0.00
-1.4820	0.17322	  0.00
-1.4810	0.16589	  0.00
-1.4799	0.15843	  0.00
-1.4791	0.15242	  0.00
-1.4781	0.14406	  0.00
-1.4772	0.13777	  0.00
-1.4758	0.13168	  0.00
-1.4750	0.12530	  0.00
-1.4740	0.11899	  0.00
-1.4730	0.11384	  0.00
-1.4720	0.10829	  0.00
-1.4710	0.10230	  0.00
-1.4699	0.097312	  0.00
-1.4690	0.092685	  0.00
-1.4679	0.087482	  0.00
-1.4670	0.083277	  0.00
-1.4660	0.078986	  0.00
-1.4650	0.073962	  0.00
-1.4640	0.069549	  0.00
-1.4630	0.065913	  0.00
-1.4620	0.062079	  0.00
-1.4610	0.058366	  0.00
-1.4600	0.054610	  0.00
-1.4591	0.051526	  0.00
-1.4580	0.048314	  0.00
-1.4570	0.045705	  0.00
-1.4560	0.042760	  0.00
-1.4550	0.040060	  0.00
-1.4540	0.037737	  0.00
-1.4530	0.035518	  0.00
-1.4520	0.033446	  0.00
-1.4510	0.031055	  0.00
-1.4500	0.029084	  0.00
-1.4490	0.026983	  0.00
-1.4480	0.025047	  0.00
-1.4469	0.023508	  0.00
-1.4460	0.022001	  0.00
-1.4447	0.020573	  0.00
-1.4441	0.019269	  0.00
-1.4430	0.017978	  0.00
-1.4420	0.016856	  0.00
-1.4410	0.015555	  0.00
-1.4400	0.014324	  0.00
-1.4390	0.013415	  0.00
-1.4379	0.012558	  0.00
-1.4368	0.011808	  0.00
-1.4362	0.010985	  0.00
-1.4349	0.010267	  0.00
-1.4340	0.0095048	  0.00
-1.4330	0.0088674	  0.00
-1.4320	0.0082771	  0.00
-1.4310	0.0076006	  0.00
-1.4300	0.0070132	  0.00
-1.4289	0.0065065	  0.00
-1.4281	0.0060999	  0.00
-1.4269	0.0056365	  0.00
-1.4260	0.0052750	  0.00
-1.4252	0.0048904	  0.00
-1.4238	0.0045589	  0.00
-1.4230	0.0041834	  0.00
-1.4220	0.0038317	  0.00
-1.4210	0.0035558	  0.00
-1.4200	0.0032511	  0.00
-1.4190	0.0029782	  0.00
-1.4180	0.0027346	  0.00
-1.4167	0.0024910	  0.00
-1.4160	0.0022932	  0.00
-1.4152	0.0020337	  0.00
-1.4140	0.0018670	  0.00
-1.4130	0.0016753	  0.00
-1.4120	0.0015361	  0.00
-1.4110	0.0013963	  0.00
-1.4100	0.0012290	  0.00
-1.4091	0.0011374	  0.00
-1.4081	0.00099700	  0.00
-1.4070	0.00092740	  0.00
-1.4059	0.00081445	  0.00
-1.4050	0.00069906	  0.00
-1.4040	0.00060626	  0.00
-1.4030	0.00052811	  0.00
-1.4020	0.00043775	  0.00
-1.4010	0.00033762	  0.00
-1.4000	0.00032846	  0.00
-1.3989	0.00023199	  0.00
-1.3980	0.00020451	  0.00
-1.3969	0.00012453	  0.00
-1.3961	8.1794e-05	  0.00
-1.3950	2.9895e-05	  0.00
-1.3940	-3.4819e-05	  0.00
-1.3930	-7.9390e-05	  0.00
-1.3920	-8.0615e-05	  0.00
-1.3910	-0.00016365	  0.00
-1.3900	-0.00016731	  0.00
-1.3890	-0.00019540	  0.00
-1.3879	-0.00023509	  0.00
-1.3871	-0.00027661	  0.00
-1.3861	-0.00029554	  0.00
-1.3851	-0.00030897	  0.00
-1.3841	-0.00031630	  0.00
-1.3830	-0.00036392	  0.00
-1.3820	-0.00040423	  0.00
-1.3810	-0.00039629	  0.00
-1.3800	-0.00044147	  0.00
-1.3790	-0.00039873	  0.00
-1.3780	-0.00044574	  0.00
-1.3770	-0.00048177	  0.00
-1.3759	-0.00043720	  0.00
-1.3750	-0.00051719	  0.00
-1.3739	-0.00047139	  0.00
-1.3730	-0.00050742	  0.00
-1.3720	-0.00051902	  0.00
-1.3710	-0.00055077	  0.00
-1.3700	-0.00053917	  0.00
-1.3689	-0.00055382	  0.00
-1.3680	-0.00056970	  0.00
-1.3670	-0.00055993	  0.00
-1.3661	-0.00055260	  0.00
-1.3650	-0.00059595	  0.00
-1.3641	-0.00056176	  0.00
-1.3630	-0.00059290	  0.00
-1.3620	-0.00058496	  0.00
-1.3610	-0.00059229	  0.00
-1.3600	-0.00058313	  0.00
-1.3590	-0.00059534	  0.00
-1.3582	-0.00061366	  0.00
-1.3571	-0.00061183	  0.00
-1.3562	-0.00060634	  0.00
-1.3551	-0.00060511	  0.00
-1.3539	-0.00062587	  0.00
-1.3530	-0.00064663	  0.00
-1.3520	-0.00060939	  0.00
-1.3510	-0.00061977	  0.00
-1.3500	-0.00061916	  0.00
-1.3491	-0.00061611	  0.00
-1.3480	-0.00061488	  0.00
-1.3469	-0.00065396	  0.00
-1.3460	-0.00061183	  0.00
-1.3448	-0.00065335	  0.00
-1.3440	-0.00065640	  0.00
-1.3430	-0.00060756	  0.00
-1.3420	-0.00064969	  0.00
-1.3410	-0.00063381	  0.00
-1.3400	-0.00062465	  0.00
-1.3390	-0.00064175	  0.00
-1.3380	-0.00063320	  0.00
-1.3369	-0.00065518	  0.00
-1.3360	-0.00064480	  0.00
-1.3351	-0.00063381	  0.00
-1.3342	-0.00066373	  0.00
-1.3330	-0.00069121	  0.00
-1.3320	-0.00066800	  0.00
-1.3310	-0.00067106	  0.00
-1.3300	-0.00066434	  0.00
-1.3289	-0.00065335	  0.00
-1.3280	-0.00065945	  0.00
-1.3270	-0.00066739	  0.00
-1.3260	-0.00066556	  0.00
-1.3250	-0.00063198	  0.00
-1.3239	-0.00068083	  0.00
-1.3230	-0.00066373	  0.00
-1.3220	-0.00068144	  0.00
-1.3210	-0.00063870	  0.00
-1.3200	-0.00063870	  0.00
-1.3190	-0.00065030	  0.00
-1.3180	-0.00066983	  0.00
-1.3171	-0.00065640	  0.00
-1.3161	-0.00066434	  0.00
-1.3149	-0.00065701	  0.00
-1.3139	-0.00067350	  0.00
-1.3130	-0.00069304	  0.00
-1.3120	-0.00069060	  0.00
-1.3110	-0.00064846	  0.00
-1.3100	-0.00066190	  0.00
-1.3090	-0.00066434	  0.00
-1.3081	-0.00064175	  0.00
-1.3074	-0.00066251	  0.00
-1.3059	-0.00067289	  0.00
-1.3051	-0.00068632	  0.00
-1.3039	-0.00065640	  0.00
-1.3030	-0.00067411	  0.00
-1.3020	-0.00066861	  0.00
-1.3010	-0.00070464	  0.00
-1.2999	-0.00065884	  0.00
